13095656154
13095656164
13095656174
13095656184
13095656194
13221540063
13221540064
13221540065
13221540073
13221540074
15606754014
15657590004
15657590105
15657590108
15657590109
15657590112
15657590113
15657590114
15657590115
15657590116
15657590119
15657590120
15657590121
15657590124
15657590125
15657590126
15657590128
15657590131
15657590132
15657590134
15657590137
15657590139
15657590157
15657590168
15657590186
15657596414
15657596494
15657596424
15657596434
15657596445
15657596404
15657596447
15657596474
15657596443
15657596440
18657549024
18657546124
18657541946
18657546469
18657542141
18657547064
18657547436
18657543484
18657544614
18657544034